1015 4102 3075 2672 2713 2728 3872 3395 3891 4725 4519 826 3073 3890 962 889 2528 4000 1356 787
2657 2378 2861 1597 3117 3591 2729 4554 3886 4332 1981 3027 3861 1220 3173 2396 3682 2139 4273 586
2123 476 4972 4099 2835 4695 1252 365 3121 1533 1503 2084 3431 4224 2951 3930 378 2422 1403 4572
27 998 4662 2555 4538 4037 2099 1303 2208 820 1322 4151 1339 2939 3918 3563 3305 1858 731 4663
372 1605 2916 1946 4383 823 1757 2578 4224 309 2361 3682 2004 2764 741 96 4674 1447 1814 48
2657 2903 4327 3514 2057 754 1092 3249 3349 1930 378 3907 4908 2465 734 3380 3523 840 124 1465
135 173 2017 458 3409 2402 1578 1413 2174 4039 4538 2631 858 3705 4538 2804 1049 2126 2220 2942
3099 4726 4152 390 40 1290 1825 2486 551 2867 3285 4063 2451 948 735 2151 3887 2361 2589 3874
1972 1960 1863 3984 3919 3606 4477 2505 3508 2451 3303 4972 4697 4572 4323 4277 3763 4817 2990 1971
1916 838 3386 1814 695 3961 376 4918 468 1698 2135 2933 1780 409 3627 1442 4524 3303 4664 3135
2753 167 1981 2904 2921 1620 4116 2855 1528 2760 4037 2278 2882 3079 4686 133 4159 2136 2106 3783
809 3103 3596 2897 3262 3947 1964 1088 670 1346 2821 464 4103 4393 4091 3596 3608 1048 4330 1545
4505 2232 2702 1086 3370 79 3730 4487 1202 1322 3802 1195 898 3984 1994 1692 3574 4039 208 915
3502 4293 2842 1904 4163 1154 2849 4231 2657 1841 2068 3984 1922 3984 2375 1482 795 2980 2789 2436
497 3490 37 1800 1339 291 3284 2052 2951 185 2489 2472 1545 3267 3884 4321 2558 2701 3741 4985
4175 1015 2650 911 3865 173 1182 3189 2185 4579 1920 4618 1938 95 3730 2017 396 2617 4428 4852
4476 1930 2982 4689 106 3148 1402 4438 278 443 3617 4464 3285 3178 2457 1461 861 4930 3779 646
3097 2479 719 3705 352 895 1838 1757 285 1405 4972 3101 2375 1971 2517 2139 336 378 2695 4855
4175 3960 613 51 2219 3561 2178 1169 4161 3284 2650 119 731 3842 825 4019 741 3947 1863 1863
4464 4101 2328 931 658 4231 1336 3289 4767 1360 2627 1365 1785 4714 3896 1062 3285 3070 2696 3974
2108 3024 3889 4215 1474 1182 1465 2579 3322 3975 4838 1548 2895 1981 4987 827 3672 1069 2465 4360
1323 1323 1787 680 1419 3507 2958 3431 3872 169 4760 3869 2436 1545 3416 3405 45 3569 4818 4743
579 3315 744 2858 4582 2633 4323 3887 333 222 4785 2984 4210 2141 2368 661 1429 4152 3954 737
724 3982 1438 4637 786 4212 3639 825 4540 4672 2252 176 1097 644 1622 4671 695 2612 1296 1018
2281 3908 1644 3151 117 363 4758 1482 4865 3134 2013 3887 4769 646 2650 3763 3254 3285 3984 368
2242 2467 2410 4127 1584 4049 4992 3234 447 1290 2281 2278 3754 734 2286 173 3193 259 2286 1092
331 2358 2108 4883 2457 2263 245 449 4538 1168 3984 4316 3927 1766 668 1853 1868 373 3206 4188
3607 1465 4163 3976 727 696 1549 2600 4842 3802 3389 1989 4572 1848 1099 1534 780 1234 2637 613
2439 3730 3261 1754 3076 2263 2212 3672 3583 3971 1621 4939 3945 3907 3117 2567 1532 2171 2285 523
3068 1416 2647 1914 4343 396 4735 4227 731 176 1209 2237 4695 396 3266 4855 2556 3623 14 2842
3607 4637 4892 119 2817 3674 4056 178 4837 2092 3874 3117 1754 2263 4117 27 2186 1414 40 638
2108 819 3470 4668 4000 2395 461 2223 4152 2106 1403 4175 3349 1888 2823 2205 2884 534 2267 2898
3607 4503 1870 1752 2769 4637 4203 3334 2910 1460 3523 2177 4087 3072 3344 646 1266 2263 3870 731
1323 2887 2126 48 862 4000 3613 420 2657 2679 4418 4453 1834 2 1295 1339 3234 4333 2703 4495
1264 4518 2451 3242 1328 4524 2465 4539 2008 819 2185 252 1619 4483 60 1163 294 830 2191 2451
3099 1201 844 3088 3775 2554 3940 4769 3940 499 1036 3508 1011 441 2370 4810 4014 1798 3799 3669
1323 3729 2624 847 3451 4355 4307 399 3382 4680 2118 4518 4037 4127 3822 4401 3874 3191 4738 4341
1823 803 3580 4491 3429 2937 782 2436 4054 1888 3142 1812 4572 2092 135 2472 4367 2664 3550 3550
3249 1091 363 1608 998 1881 4279 4283 4051 3822 2854 3866 1575 916 2707 3634 597 417 4754 719
3502 4166 1054 2527 4299 441 446 1290 2956 4588 3891 3456 3897 1924 3209 4811 4990 1287 4656 3100
2402 1030 526 4936 390 1558 4674 2612 3337 3938 964 2799 3268 1169 3070 561 4429 4074 1235 556
3523 3523 137 1585 751 3229 4000 1710 2359 4440 2696 4582 4842 2008 3116 4233 1435 1989 1989 4099
2814 331 2855 529 2189 1303 31 4561 1787 2451 1575 2920 2951 795 2624 4756 416 4000 2465 3967
1439 1994 4401 4007 4661 2817 163 3890 2269 1481 252 1438 2926 1758 92 728 380 1199 1266 1827
3349 3322 1815 1728 1989 4760 4302 4714 2897 245 1677 238 971 799 2163 2237 1946 960 26 2626
2281 2506 3652 3891 1117 39 1465 71 3204 4539 2280 392 3638 31 2230 288 4971 2568 2207 646
1874 4707 797 4333 2693 1442 2821 2942 3461 856 4099 2751 1634 4710 2459 4714 2255 1664 3682 3879
3699 3962 3075 38 589 3303 3786 4766 419 283 136 1088 3121 2468 49 3277 4000 2465 4707 4142
838 3281 1814 3501 2340 2147 1226 1561 2108 1870 875 1787 2191 4686 1937 3319 1800 3782 3765 506
4071 1972 3816 4826 2663 4553 981 1757 3887 2720 1450 4695 194 583 396 1024 240 764 4267 3285
1597 518 1560 3887 629 1230 4183 589 1099 140 165 3494 625 1368 4255 1810 1839 3503 641 1664
3477 2509 2843 2696 4332 646 4401 720 857 260 155 2068 2068 2451 1858 3596 2638 1985 3285 4758
4626 114 2056 783 2202 1307 3638 2372 1208 2558 2414 3879 4762 4326 1971 716 3603 1290 1645 4171
3757 764 4538 4432 1981 4244 3194 1333 768 1180 4342 4524 4156 1648 356 4856 2855 466 4727 4508
2674 859 1651 2289 1319 2457 1711 4233 838 2657 855 4766 219 2915 4406 3099 3948 176 1622 2631
3200 4342 1054 3231 4495 1698 942 4153 3971 3281 1319 4207 3682 2612 416 3682 799 4942 4758 1442
4273 3981 518 2146 1890 2696 606 367 3706 783 556 4817 2289 2711 2213 3075 2696 4363 4424 1787
3786 2729 255 3744 4027 24 3187 1629 4538 110 1758 2554 3285 945 4739 663 2749 881 2644 4062
198 2382 2777 2436 1229 390 40 4293 356 2519 810 2153 4505 4094 2062 1140 3211 1290 390 1088
4515 4103 4902 1038 3350 185 32 4227 1161 2232 4564 2278 1442 2511 4264 4564 4787 3981 2058 661
3918 4855 4099 1682 3947 3681 4081 2108 3673 1579 4587 741 313 2595 2823 1313 3231 297 3309 2959
2139 2545 2558 4736 247 3887 2454 1073 3632 4366 3730 4346 1728 1465 602 2469 3604 2084 2985 1664
2146 1597 901 4318 3727 4883 2498 1069 1892 3150 1711 1116 315 4266 4094 4900 2139 1930 3266 3438
163 107 2631 876 2875 4163 3906 3264 2263 4401 4236 4273 416 2 2481 2375 374 3026 2118 2359
