2937 530 1397 2528 684 2863 550 924 4653 2520 4043 3425 1110 3732 3103 511 2089 4203 173 4346
2667 1672 2571 1022 4438 3396 2844 1778 3115 2511 203 2581 1023 3694 2457 2731 1457 642 3871 3179
95 2183 1753 2887 1668 3030 1426 3074 1854 2384 2156 4939 1006 4334 2089 1951 4860 1366 1729 3961
2578 100 4854 4583 1728 3515 4720 1195 3699 4532 2951 3525 2729 1404 173 553 2844 4072 907 3325
1340 195 2649 34 2928 2137 4424 4802 3949 303 877 1572 2648 1158 1753 4191 4127 4183 4355 4362
1034 2794 2459 209 2133 268 4195 1333 258 4922 631 4889 4906 4431 538 3333 2047 3679 3349 1459
2404 377 376 882 705 1273 1616 4098 2157 1684 974 3151 4558 3085 4342 3518 1382 113 3733 3745
3234 2980 4976 3370 4916 4069 624 2803 1125 3708 1225 3230 4449 5 2524 3551 3180 2066 3900 3523
531 2564 2446 3686 1059 190 2237 66 2056 2502 155 1132 1661 3248 1468 4047 1712 3835 1488 1661
4596 54 1936 4961 4383 1305 1269 1460 4706 4699 706 1285 1564 987 470 3268 665 2531 1923 3666
4879 1515 1336 3606 4168 1142 1507 4872 1941 1942 884 411 134 1796 4915 1954 267 3984 2984 2945
1711 157 420 3262 3560 3186 1653 3611 126 4836 1951 4800 3306 3273 3337 4581 2635 1384 2708 1569
4425 2504 895 2548 4820 104 3667 851 155 2251 3591 2717 4846 3820 2313 4895 3690 2928 4417 2229
4141 2287 1980 2145 2127 4139 3903 299 1107 170 3212 3319 83 2245 533 4739 3357 481 961 1945
4941 169 1751 92 3550 4695 4269 2833 1501 3288 4297 2829 3366 2423 1375 4954 304 245 4230 1279
2833 3697 2345 4284 2904 1501 420 3194 90 3602 4832 3516 524 2689 3308 1918 1367 2614 1781 1766
3160 3645 3142 252 3789 145 2648 2888 90 4194 2171 47 1870 3829 4298 3980 1490 2780 4898 990
1729 1484 1371 550 1806 1438 1728 3694 4326 290 2254 3383 4074 2487 4474 721 1201 2956 4841 4851
3580 1376 1979 2119 642 4162 1947 4038 4405 229 3290 3669 3151 58 1441 2021 3275 4295 2882 2731
245 4529 2384 4575 3790 4542 2977 4312 523 2533 528 2029 2224 1599 2721 3886 4771 471 1921 1872
1436 1094 1372 2052 3925 3400 213 2665 1479 3314 2604 3837 27 2033 480 4761 2021 4200 3509 929
1182 908 4844 1104 833 4393 3836 55 1791 3597 87 1507 3785 2791 3524 278 4612 289 1180 3109
1323 3759 3161 3778 3209 3472 4577 2032 691 3951 4874 3930 3224 3814 4537 297 2918 3286 938 2306
27 4350 2158 626 4869 2183 4333 3721 4823 813 2276 2875 4206 2344 141 3676 1236 294 1702 300
4819 1417 1990 4831 3115 3161 3755 4303 4183 420 3337 715 3121 130 4646 806 3763 1176 1917 4769
4560 980 178 915 4734 3808 855 3334 3456 2354 4158 91 4717 2939 3829 94 657 2192 4491 4230
1255 1289 4874 3719 2418 1611 766 3088 3909 3400 748 1033 3654 4343 1987 657 1209 3185 3297 3261
850 1416 1910 3024 458 2319 949 1149 103 4698 2288 2980 3181 475 1781 432 1782 1786 2701 3861
4197 2038 114 4765 4502 1402 4996 756 4746 2720 2726 3290 1505 4759 152 759 1505 1116 196 3677
4222 4849 4945 4887 3408 4281 2108 4336 680 3881 104 3649 1314 3029 941 1591 3544 2100 610 1766
278 1426 2263 1376 1706 2000 2465 3554 1814 2245 3599 4520 1360 2924 1148 958 2238 933 899 2144
3671 4705 456 1812 477 83 884 703 4775 1764 2620 4957 1685 4473 2012 98 2517 1053 4828 1223
1900 3836 1248 3830 2529 4712 1760 4807 1200 4670 4691 3610 604 342 4103 3773 3699 3934 4639 427
1691 773 4797 2240 4438 89 883 1438 2209 2074 2663 3976 2895 1948 2343 889 2425 4713 4744 4249
2181 4036 151 1643 4029 225 297 2801 2571 4266 3384 2608 64 1037 2536 1690 1774 4026 2843 1932
364 2334 835 1781 3086 4928 4949 1441 3323 4197 715 4408 2003 1729 4796 1366 1720 1599 3918 2038
3167 4311 2751 1960 4395 4256 1072 1436 413 678 2309 2500 3728 4799 2038 4202 154 2212 1707 2108
252 3814 4450 1126 3075 1334 2854 1218 694 4620 1261 1281 2545 4471 3058 2979 4443 3783 2103 2100
1839 3640 3931 3468 2235 1347 138 3819 3073 4468 3573 1067 4865 802 1107 1326 230 3032 240 1541
34 4507 4711 2353 3895 4438 1060 1989 2344 4949 586 795 2278 65 332 3804 1800 1042 4027 2624
2207 586 4152 4648 273 198 1472 4436 762 2573 1308 4091 2593 4212 2895 4367 3070 3340 1126 4279
1569 4264 3712 1323 1022 2911 1114 1721 434 2149 228 2217 4526 1187 1951 1812 3039 4277 1699 380
2408 1987 3891 421 4039 671 4161 4190 3101 4526 4311 2664 3331 302 4184 4546 4721 385 3169 245
1926 2993 494 3576 1155 1815 4066 2660 826 4344 680 3208 3247 1884 4047 4184 39 3100 2645 4444
1222 110 3511 4204 2052 3596 757 2904 1555 4316 1004 4763 3577 4631 2129 1688 3244 1442 1602 4765
3372 1451 3354 3426 4581 4538 773 1211 2230 3108 1327 698 1851 3056 246 3489 1984 4189 1119 950
4830 2579 1525 94 2503 1045 509 4708 2024 3946 4465 2751 4472 4552 2962 3976 2997 3400 4412 2368
4182 4472 50 479 967 950 1932 4596 2739 470 3711 2967 2474 965 308 1138 2110 2636 4078 1232
3219 4481 2051 2953 794 4538 180 1068 1690 3098 829 4984 314 3011 4302 2645 1234 4869 2568 3573
3744 2800 2935 2959 2572 764 1740 4072 4343 976 819 4072 1450 3265 4577 3460 4991 4013 2733 2447
2223 1920 3223 1183 1282 2992 2111 3532 4142 3769 4791 4181 4123 3564 4344 3192 1060 293 4956 2388
3348 1972 1612 140 1720 3286 565 3664 3095 4581 4227 4462 1595 2180 262 4272 1731 4505 1228 2629
1262 4714 2223 2979 4720 4131 1752 1820 3077 4516 244 849 3226 1710 750 4999 3055 2212 3611 1154
2932 1199 4441 4901 3968 1478 1840 3956 4817 1246 725 2179 611 4645 2216 1151 3506 2383 1870 1643
3310 4576 1626 397 4850 1236 506 3154 4932 4904 117 722 2927 1606 3823 4940 3602 3426 465 4302
4390 2719 1234 4650 1358 2286 249 1438 833 3403 3020 1994 3746 2101 172 2799 959 4695 2040 728
1414 4526 3986 3010 3719 1077 2144 1036 4422 4235 4634 4078 1617 1744 4759 3201 1415 2577 3597 4495
393 243 3777 2164 3596 4235 2458 405 1561 4256 1116 1960 2048 776 3486 1441 4524 2310 4051 4059
178 4227 2440 2396 4000 1208 795 2016 1814 2726 2209 1850 4776 3244 2017 4979 703 3738 1792 1545
4195 2339 664 4444 1730 690 4918 1310 4030 1171 3411 3253 4800 2157 396 2419 3396 4917 1464 58
2151 3458 223 2237 491 3385 4144 845 3215 739 2616 1255 375 1786 2 2195 2131 2085 1868 1851
617 4053 2719 2702 938 267 3093 825 2127 1077 4768 2910 3540 3522 2947 4290 219 661 4543 66
1854 4593 3486 4187 4919 627 3867 3823 3507 441 415 1922 3679 1571 3659 2904 2939 2686 1124 531
1260 2677 630 4502 1664 3170 4979 2375 397 4964 465 2693 576 1063 4082 1216 3896 4533 2753 4817
