640 3425 3920 4215 4193 4105 1994 1918 189 3931 3649 32 11 2359 2713 152 1093 2813 730 3735
1439 1994 3375 2945 2359 1919 2205 2947 4769 3918 578 433 4639 2672 73 4283 2946 4051 1631 2773
2785 3781 1989 2651 1295 4389 3697 2672 505 1870 641 4243 1271 4097 728 4152 2711 4289 4909 4942
3675 810 1649 3637 4007 973 3697 1036 4666 4730 2395 2371 728 906 3550 4472 2526 3383 4181 183
2281 2278 4777 4623 2191 4754 825 4538 315 4613 715 2527 4627 3984 1975 433 1692 4939 3540 3116
3683 1043 392 4399 1661 3285 3558 2325 2915 1893 2436 799 4734 3685 1209 3392 779 3984 4190 2278
4518 825 1416 1609 1560 2711 304 3248 3607 1083 586 2592 4008 1754 3887 1468 552 4556 4444 3105
2372 2894 446 1541 1250 1837 1707 4729 3735 503 2911 4101 4518 4725 2295 3491 135 2947 3134 1060
99 825 1086 2286 433 4723 2286 722 3683 3727 3887 4215 4606 4055 2286 4855 4668 1888 4800 135
4987 2500 3876 3637 2939 2240 4245 2212 4101 4711 2672 1567 1230 4540 1845 4195 4416 2702 2701 3830
1438 1576 1327 1888 2263 1022 4323 2536 506 1861 1687 3230 48 738 1040 2889 4323 2051 1441 2135
134 1486 1814 4126 215 4721 602 2461 4861 1813 319 4987 4431 1168 3224 1799 631 2234 805 1091
2631 551 4792 2372 2702 2010 246 3352 1088 2054 2098 3011 695 396 86 3981 3166 3887 2599 4109
3578 3918 4476 2391 4254 1036 4874 3277 3161 638 2696 15 3869 1154 3919 372 4852 4976 4456 1595
3918 2047 4152 3771 2465 3231 3575 3068 2139 2815 1381 3366 648 3075 4760 1649 1065 4538 1488 2711
2146 1077 3818 396 3829 4892 2166 2792 2076 3112 2949 110 4664 39 364 4102 583 3976 3581 2576
2537 68 491 3200 741 3866 1069 2325 2582 4302 1437 1814 1994 3502 293 173 3136 49 506 3782
3799 3505 3811 2013 4163 2205 4232 1447 4000 1980 4637 3700 1942 2089 3493 3617 3161 1184 1259 4438
3643 3879 246 1550 4686 1989 4355 656 2777 3230 3842 3173 2937 491 2529 4424 3043 1416 2465 3676
1239 4175 2184 2289 1620 1211 1393 492 1717 3172 2108 1403 2890 4479 2381 4342 2672 1164 3960 2500
2939 642 1403 1792 3891 1935 2148 1888 2292 4956 2571 3415 3937 1728 670 1888 68 2358 2699 1938
2058 3416 1089 2680 889 2656 1486 2477 4583 2258 2708 2108 4958 3057 1840 1761 3955 3444 1179 3984
2528 1213 1770 3739 1854 4292 151 2899 871 3298 4332 4809 3730 3205 2494 4359 72 246 1787 2726
4998 1946 1322 2911 3730 552 2462 2465 615 3267 2596 4239 4630 3879 283 1564 4341 2601 696 2472
284 1533 526 4055 1597 4697 1287 1332 4538 677 2089 414 4078 1055 3918 1787 3075 314 1952 2361
104 3271 4175 2034 3256 3694 2951 581 2046 4626 1171 2191 1661 2977 2531 919 506 173 91 4713
3076 1481 4495 1481 3004 4855 563 278 4840 624 4081 732 4019 867 180 334 130 938 1899 2
4694 150 3309 4763 2610 2947 239 1953 3730 1221 1522 4385 998 4686 3874 3160 2452 4103 2627 2865
4973 1158 3435 757 3945 165 2763 2701 291 135 3842 1242 2402 2874 372 1994 1019 173 2365 1897
4152 3781 3315 2237 3382 1617 4567 3607 4239 4272 27 4968 321 173 4893 1866 2461 1870 1729 2710
2753 3313 2878 4356 4144 487 3607 761 396 4900 992 229 666 4065 4855 1332 1058 418 2402 3984
4490 4832 3197 1914 1146 3889 3721 349 3891 4817 3928 3118 2791 3123 4168 467 1661 4519 4664 2848
1787 2212 3837 2533 2644 4019 3502 381 4451 315 3512 665 2636 154 778 1360 2857 4479 4163 4538
2286 1075 3695 849 270 2533 176 384 4163 1017 3048 4660 181 968 815 3310 687 1309 2436 3976
3496 4913 1376 1903 417 2191 4464 4101 4401 983 3234 1163 2375 1077 3265 3236 1814 3166 3602 523
4458 2077 1678 276 642 3428 1154 2263 3178 1884 3590 678 3932 3598 604 4385 2191 4156 1097 1946
3918 874 128 4295 2615 4817 4461 2191 4985 26 1814 480 3930 156 4292 1219 2184 4000 1974 3540
2789 2205 3380 825 4785 3020 3303 1989 417 2821 4392 1209 1040 4330 2278 3285 2900 579 1413 2467
3363 3374 4264 3380 2494 2904 393 1611 2623 1144 4564 3874 1179 764 4889 1299 1545 265 3160 2954
2811 2212 4198 757 1669 4348 3763 2148 2911 2531 2302 2632 4323 2568 4295 838 2126 175 3598 624
1111 376 3523 2263 3221 441 809 2263 176 1766 288 3729 2108 2116 2513 2077 1805 1989 4373 1707
4998 3563 2729 2588 2411 245 531 4550 3236 3350 1637 4533 3072 121 2416 4019 1884 1507 2382 245
163 1834 3490 1286 2375 2571 4330 297 385 3897 2644 2349 4577 3874 2444 3540 4075 3305 1450 1524
4175 173 2921 3075 1374 2925 233 1211 2368 1333 1266 4581 3230 4416 1009 1261 882 3823 1722 3608
4435 4472 1498 2378 4907 2402 4175 3998 1740 3166 1175 4514 4571 2806 3782 3217 198 552 4175 3471
447 2333 3918 1744 1090 1333 4869 3472 1368 1287 2806 2218 1459 3185 3592 1309 3187 270 781 1018
2223 1063 4103 4954 4210 4312 1951 4161 1077 1842 1179 2139 2023 1376 2184 1598 3285 3730 4904 3452
1439 4142 4464 135 1290 94 232 3248 4433 3388 1366 304 1278 1271 331 2997 3602 1409 4293 2453
3076 3730 677 3262 761 396 278 4872 838 3430 696 833 2753 646 3149 1930 3622 3134 3802 3267
3694 2402 629 3902 3981 284 4502 2527 1273 4218 2274 3285 3824 4524 4458 2358 3080 1575 2696 2091
137 1376 683 4703 1278 3650 1629 1884 1629 1994 337 4065 4344 4197 3347 3067 220 4552 1899 1907
2180 526 4037 2890 308 1598 3763 3285 2263 2058 731 2231 173 4168 508 918 646 2640 2951 823
137 3503 4519 4707 4432 2247 1322 4670 2911 4318 1343 4326 1549 1814 299 3057 795 1701 897 1343
1597 3941 4544 1977 3807 214 4109 1054 3458 3600 2760 2842 2 4100 4097 597 3550 829 4342 2560
3293 1985 3564 235 764 2588 649 3303 719 3504 1729 4388 4892 4047 2531 2729 3075 348 4855 3476
4714 1169 2789 2436 2911 3790 646 1612 2420 2978 3835 1333 692 3926 492 3697 2008 2465 3380 1796
137 1837 4277 40 720 51 26 3607 4558 3366 3346 1598 4163 3607 726 3044 526 3098 3230 1545
3668 1984 4571 1569 2205 838 3874 4127 82 4528 4037 4720 1222 233 646 3887 3082 3984 2047 891
4243 2402 1550 3161 2730 4055 2286 3528 1994 416 4007 3653 2181 3967 1276 1230 1679 1528 3067 1298
361 841 4538 3447 431 2407 2929 1575 2595 2085 3611 264 275 560 1722 901 1054 2527 3887 4645
3200 3788 3007 1150 2707 2379 449 4454 1381 4103 4595 3874 3672 4000 1780 2213 3120 3835 2558 1521
2494 4855 4348 2008 3780 721 315 4037 3682 1761 3668 321 3082 106 4224 3475 1524 433 1759 2046
1323 3729 2191 752 467 3969 3098 4760 1691 4686 3005 1011 3721 2174 1925 1466 3194 4038 1696 1272
3496 775 4175 87 2281 4345 523 491 3134 4037 2911 454 1060 889 2143 4000 4956 2644 2278 1599
